000	431	561
000	434	560	
001	436	559	
004	437	559	
007	437	561	
010	435	563	
012	433	564	
013	429	566	
014	427	566	
016	424	566	
018	422	565	
020	420	567	
021	419	566	
023	418	565	
024	420	566	
025	422	566	
026	426	564	
028	430	562	
030	434	562	
031	439	560	
032	444	560	
034	448	559	
035	451	558	
036	454	557	
037	457	556	
038	458	556	
039	458	555	
041	459	555	
043	459	554	
045	458	554	
046	458	553	
046	457	552	
046	457	553	
048	458	551	
050	458	551	
052	459	550	
053	460	549	
055	461	548	
057	461	547	
059	462	545	
062	463	544	
065	463	544	
067	463	542	
070	464	543	
071	463	542	
074	463	542	
077	461	542	
079	459	540	
081	458	541	
084	455	543	
085	451	543	
088	449	544	
088	445	544	
087	441	544	
088	438	544	
086	434	544	
085	432	543	
083	430	544	
082	428	543	
081	427	543	
081	426	542	
081	425	541	
080	425	541	
079	425	540	
080	427	539	
080	425	539	
081	426	537	
080	428	538	
081	428	538	
082	430	538	
083	430	537	
085	431	537	
086	432	537	
086	432	536	
087	433	535	
087	433	535	
087	435	534	
087	436	535	
088	438	534	
088	439	533	
088	442	532	
089	445	531	
092	448	530	
095	450	527	
096	453	525	
100	456	522	
099	457	520	
098	460	516	
101	461	513	
102	462	511	
103	463	508	
103	462	505	
103	461	502	
103	459	499	
102	458	496	
102	456	493	
101	453	491	
101	449	489	
100	446	487	
099	443	486	
159	459	489	
104	440	483	
105	438	481	
106	438	479	
109	437	478	
110	438	475	
113	438	474	
114	440	470	
115	440	465	
116	441	462	
117	442	457	
119	443	452	
119	443	447	
120	444	441	
121	443	436	
120	441	430	
121	441	425	
120	440	420	
120	438	416	
119	436	410	
117	435	405	
117	434	400	
116	433	397	
116	433	391	
118	433	388	
119	432	379	
122	431	375	
123	430	369	
126	430	361	
128	431	353	
131	430	347	
133	430	338	
135	431	329	
137	431	322	
139	431	314	
140	430	304	
142	430	294	
144	428	285	
146	427	276	
147	424	268	
148	421	260	
147	416	254	
148	412	249	
149	408	248	
151	405	244	
152	401	244	
154	399	246	
154	398	248	
156	398	253	
157	399	261	
158	400	269	
159	402	279	
160	405	290	
160	407	302	
161	409	313	
163	411	325	
163	413	336	
164	414	347	
166	413	354	
167	413	364	
168	412	372	
169	412	379	
169	411	387	
170	410	394	
171	409	402	
173	409	409	
174	409	416	
175	411	424	
176	412	432	
177	414	440	
178	415	448	
179	417	456	
180	419	463	
182	419	470	
182	419	475	
182	419	481	
184	415	487	
185	414	491	
187	413	493	
189	410	496	
190	407	498	
191	403	500	
192	397	500	
192	393	501	
192	387	502	
192	382	502	
192	377	502	
192	374	503	
192	369	503	
193	366	504	
193	362	504	
193	360	505	
194	358	507	
195	358	510	
197	359	510	
198	359	513	
198	360	516	
199	360	517	
201	361	519	
202	360	520	
203	358	522	
206	357	522	
209	355	523	
211	352	524	
213	350	524	
214	348	524	
216	346	524	
217	345	523	
218	345	524	
219	346	524	
220	346	524	
221	350	524	
221	353	524	
221	354	525	
221	358	526	
221	362	528	
221	365	529	
221	367	530	
219	369	532	
218	369	534	
217	369	535	
216	367	537	
216	364	538	
215	361	539	
215	356	539	
215	349	541	
216	345	541	
218	341	541	
219	336	539	
220	332	538	
222	329	538	
223	328	537	
224	328	536	
225	330	535	
226	332	535	
226	336	534	
225	339	534	
225	342	534	
224	345	534	
224	348	535	
223	349	535	
222	350	535	
222	350	536	
221	349	537	
220	348	537	
219	345	538	
218	341	538	
218	337	538	
218	333	538	
218	329	537	
216	325	536	
218	323	536	
219	322	535	
220	321	534	
221	321	533	
222	322	532	
222	323	531	
222	324	530	
222	326	530	
222	327	529	
221	328	529	
221	328	529	
220	327	530	
219	327	530	
218	323	531	
218	319	532	
217	315	532	
215	310	533	
215	305	533	
214	300	534	
214	296	534	
215	293	534	
216	290	533	
217	290	533	
218	291	533	
218	295	531	
220	300	530	
221	304	528	
222	307	527	
222	312	526	
223	317	523	
223	321	522	
223	324	520	
223	326	518	
223	327	517	
222	328	516	
222	328	515	
220	326	515	
219	324	514	
218	323	514	
217	322	514	
215	318	514	
215	314	515	
215	312	515	
216	309	515	
217	308	514	
218	307	514	
219	307	513	
220	307	511	
221	307	510	
221	307	509	
222	309	507	
223	310	506	
225	311	505	
226	311	504	
227	309	504	
227	308	504	
228	307	504	
228	306	504	
229	304	504	
229	302	504	
230	301	505	
230	301	506	
230	300	506	
231	300	507	
232	302	508	
233	305	509	
234	308	509	
234	313	509	
235	318	509	
237	323	507	
238	328	506	
239	332	504	
240	336	501	
241	339	499	
242	340	497	
242	342	494	
244	343	491	
244	341	488	
245	340	485	
245	339	482	
245	337	479	
245	336	476	
245	335	474	
245	335	473	
245	335	472	
245	337	471	
245	338	471	
245	340	471	
245	344	471	
244	347	470	
244	350	469	
244	353	467	
244	357	465	
244	358	463	
244	360	459	
245	361	454	
246	363	450	
246	364	447	
247	365	443	
247	365	438	
248	367	435	
249	369	431	
250	371	428	
251	376	424	
252	379	421	
253	383	419	
254	387	417	
255	391	415	
255	396	413	
255	400	412	
255	404	411	
255	409	408	
255	411	407	
255	413	405	
254	415	403	
254	417	400	
254	419	399	
254	420	395	
254	421	392	
254	421	390	
254	421	389	
254	422	386	
255	423	385	
256	423	382	
257	425	383	
259	426	383	
260	429	383	
261	431	384	
262	434	385	
264	438	386	
265	441	387	
265	447	389	
265	449	392	
265	452	394	
265	454	397	
264	455	400	
264	457	404	
263	458	407	
262	460	411	
262	461	415	
262	462	418	
261	463	421	
262	464	424	
262	466	428	
262	468	429	
263	470	431	
264	472	432	
264	475	435	
265	479	436	
266	482	439	
268	485	442	
268	488	446	
269	491	451	
270	493	456	
270	495	462	
270	495	467	
269	496	473	
268	496	479	
266	495	483	
263	493	489	
261	492	495	
258	490	499	
256	487	503	
254	485	506	
252	483	509	
251	481	511	
249	479	511	
248	479	512	
247	480	511	
248	482	510	
248	484	509	
249	488	509	
250	491	509	
251	495	509	
253	499	509	
255	503	509	
257	505	508	
258	508	509	
258	509	509	
259	511	510	
258	511	512	
257	512	514	
256	512	517	
255	511	519	
254	511	522	
252	509	524	
252	508	525	
251	508	527	
252	507	528	
252	508	529	
253	509	528	
254	513	528	
256	516	528	
258	519	526	
260	522	525	
262	525	525	
265	528	524	
267	531	523	
268	533	523	
270	536	523	
272	537	523	
273	538	524	
273	538	525	
272	538	525	
271	538	528	
269	537	529	
267	535	531	
265	534	534	
262	532	536	
260	530	538	
259	527	539	
256	525	539	
255	524	541	
255	523	541	
254	522	542	
254	524	542	
252	525	541	
252	527	541	
254	529	539	
254	532	539	
254	533	538	
255	536	536	
255	538	534	
256	539	533	
256	540	532	
255	540	530	
254	540	530	
253	540	530	
251	539	530	
249	538	531	
248	537	531	
247	536	533	
245	535	534	
245	534	534	
244	533	535	
244	533	536	
244	534	535	
244	535	535	
244	537	535	
244	538	534	
244	539	533	
244	541	532	
244	542	530	
243	543	528	
243	544	526	
243	544	525	
243	545	524	
244	544	523	
245	543	522	
246	542	521	
248	541	522	
249	539	522	
250	538	522	
250	535	524	
251	534	525	
250	532	526	
249	531	528	
248	530	530	
247	530	531	
246	531	533	
244	532	534	
243	534	535	
239	535	535	
237	538	536	
234	539	536	
230	541	536	
227	542	536	
224	543	535	
223	543	535	
221	543	534	
220	543	533	
218	543	532	
217	541	532	
217	540	531	
217	538	530	
217	537	530	
218	535	530	
218	533	529	
219	532	530	
221	531	530	
222	530	530	
223	530	529	
224	530	528	
225	531	528	
226	532	528	
226	533	526	
227	534	525	
227	535	524	
228	535	522	
229	535	521	
230	535	520	
231	534	520	
234	533	518	
237	532	517	
240	532	516	
244	530	516	
249	529	515	
254	529	515	
260	529	516	
264	528	516	
268	528	518	
271	529	518	
273	530	520	
274	532	522	
276	533	524	
276	535	524	
276	538	525	
276	538	526	
274	540	526	
272	542	527	
270	543	527	
266	543	525	
264	544	525	
261	543	524	
258	543	523	
255	542	522	
254	541	519	
254	539	517	
254	537	512	
255	535	510	
257	533	508	
259	532	505	
260	530	503	
261	528	501	
262	527	499	
262	527	497	
264	526	495	
265	527	493	
265	527	490	
265	527	488	
265	528	484	
265	528	481	
264	528	477	
262	529	473	
261	528	469	
260	526	465	
260	525	460	
260	524	456	
261	522	453	
263	521	450	
266	518	446	
269	517	443	
273	516	441	
276	514	438	
280	514	437	
285	515	436	
288	516	435	
291	518	434	
294	520	434	
296	522	433	
298	526	433	
299	528	431	
299	530	432	
299	531	432	
297	533	432	
294	533	432	
292	534	432	
290	534	432	
288	534	432	
286	533	433	
285	532	434	
284	531	436	
283	529	438	
283	527	440	
283	525	442	
284	523	442	
285	521	444	
287	519	444	
289	518	445	
290	517	444	
291	517	445	
291	516	445	
292	517	444	
292	518	445	
291	519	446	
289	519	447	
287	520	448	
286	521	450	
283	521	451	
283	522	453	
282	522	454	
282	522	456	
283	522	458	
285	522	459	
287	521	461	
290	521	462	
293	520	464	
295	519	465	
298	519	467	
302	520	469	
306	521	471	
310	523	475	
315	526	478	
319	529	482	
323	532	485	
326	535	489	
328	537	493	
329	540	497	
330	542	501	
330	543	505	
331	545	510	
332	546	513	
332	546	518	
333	545	522	
333	545	525	
335	546	528	
335	544	530	
336	543	531	
337	542	534	
338	541	535	
339	539	536	
341	537	536	
342	535	535	
344	534	535	
345	533	534	
345	532	534	
345	532	533	
344	531	532	
343	531	531	
341	532	531	
340	532	530	
339	532	530	
336	531	529	
335	531	529	
333	530	530	
333	529	529	
332	528	530	
332	527	530	
332	525	530	
332	523	529	
332	521	529	
333	520	529	
333	519	529	
333	518	528	
335	519	528	
336	521	526	
338	523	526	
339	526	525	
340	529	525	
340	532	524	
340	535	525	
341	538	524	
341	541	525	
341	543	525	
342	545	527	
343	547	529	
344	547	530	
344	548	532	
345	548	534	
346	547	535	
346	547	537	
346	546	537	
348	545	538	
348	543	539	
349	540	539	
349	538	540	
350	536	540	
350	534	541	
350	532	541	
348	532	540	
346	531	541	
344	531	540	
342	532	539	
340	532	538	
339	533	539	
337	534	538	
337	535	537	
337	536	537	
338	536	537	
339	536	538	
340	536	538	
341	535	540	
343	533	541	
345	532	542	
346	529	543	
346	527	544	
348	524	544	
348	521	545	
347	520	545	
346	518	543	
345	517	543	
345	516	543	
343	517	543	
343	518	543	
343	520	542	
343	522	541	
344	524	541	
346	526	541	
349	529	541	
352	529	541	
357	531	542	
361	532	543	
365	532	545	
369	532	546	
373	530	547	
377	529	548	
378	525	550	
381	523	551	
383	520	552	
384	515	552	
384	511	551	
383	507	552	
382	503	552	
380	500	553	
378	497	553	
375	495	552	
373	495	551	
369	495	551	
366	496	550	
362	498	551	
358	501	549	
356	503	547	
353	505	545	
351	507	543	
349	509	541	
348	509	539	
347	509	536	
348	510	534	
348	509	532	
348	508	531	
349	507	530	
349	505	529	
349	505	528	
350	504	527	
350	504	526	
352	505	525	
353	507	524	
354	509	524	
356	512	523	
360	513	521	
363	516	519	
366	520	517	
371	522	515	
375	524	514	
380	526	512	
385	528	511	
390	529	509	
394	529	508	
399	530	508	
403	529	508	
405	528	509	
408	526	511	
409	525	512	
411	522	514	
410	519	515	
411	516	517	
408	512	517	
407	508	518	
405	505	518	
403	500	519	
400	497	520	
397	494	520	
395	492	520	
391	490	517	
388	489	516	
386	488	514	
385	488	511	
383	488	509	
382	488	506	
383	488	504	
382	488	500	
381	487	497	
382	486	494	
382	485	491	
381	483	488	
381	482	487	
381	480	484	
380	479	484	
378	478	482	
378	477	480	
377	476	479	
377	477	479	
377	478	477	
377	479	475	
377	482	474	
378	484	473	
379	487	471	
381	489	471	
383	491	469	
385	493	467	
387	494	465	
389	494	462	
391	494	461	
393	494	460	
395	492	459	
396	491	457	
397	490	456	
398	487	455	
398	484	454	
398	483	454	
397	480	454	
396	478	455	
396	477	456	
395	476	457	
395	476	459	
394	477	461	
394	479	463	
394	480	466	
394	482	468	
392	485	471	
392	487	474	
392	489	476	
393	491	478	
394	492	479	
395	493	481	
395	494	482	
396	495	482	
396	494	482	
396	494	481	
396	495	481	
396	494	481	
395	493	480	
395	492	480	
395	492	481	
396	492	482	
396	492	483	
398	494	485	
399	495	487	
401	497	490	
404	499	491	
406	501	493	
409	502	497	
411	504	499	
414	505	502	
416	505	503	
419	506	505	
421	506	506	
423	505	507	
424	504	507	
425	500	507	
425	499	506	
425	496	505	
425	492	504	
425	489	500	
423	485	500	
421	481	497	
420	477	495	
418	473	493	
416	470	492	
415	467	490	
413	465	490	
412	463	490	
410	462	491	
408	461	492	
406	461	493	
404	461	495	
403	461	497	
401	460	499	
400	460	500	
398	459	502	
396	459	503	
396	459	504	
395	458	505	
394	459	505	
394	460	506	
394	461	507	
395	462	508	
396	465	510	
398	467	512	
399	471	513	
401	474	515	
404	477	518	
406	481	521	
408	484	524	
411	488	526	
413	491	529	
415	495	531	
416	497	534	
418	499	537	
419	500	539	
419	502	541	
420	503	543	
419	503	544	
419	503	545	
417	503	546	
416	502	547	
413	501	547	
411	500	547	
408	498	547	
406	496	547	
402	493	547	
399	491	546	
396	488	546	
393	486	545	
390	484	544	
387	480	543	
385	479	543	
383	477	542	
382	475	542	
381	475	542	
379	475	542	
378	474	543	
378	474	543	
377	472	543	
377	472	543	
376	471	543	
375	470	542	
375	469	542	
375	468	542	
374	467	541	
374	466	540	
374	466	538	
374	466	536	
374	466	535	
375	465	533	
375	466	532	
376	467	531	
378	468	530	
378	469	529	
379	471	529	
381	472	529	
382	475	529	
384	478	530	
386	479	531	
387	481	533	
390	484	533	
391	486	534	
393	488	535	
395	491	536	
396	492	538	
399	494	539	
401	496	540	
405	497	541	
408	499	541	
411	500	542	
415	501	543	
420	502	543	
424	504	544	
429	505	545	
434	505	545	
439	507	544	
444	508	543	
449	508	543	
453	510	543	
455	511	543	
458	512	543	
461	513	544	
462	514	545	
464	516	547	
466	516	548	
467	516	549	
468	517	549	
470	518	549	
470	520	549	
471	521	549	
475	525	550	
477	527	550	
478	529	550	
			
			